Cas	He	Hs	Te	Ts	Diam_WR	WRyoung	offset	mu_ini	Force	G
1	11.2161	7.503	0	0	796.36298	216000	0	0	1115.75	0
1	11.4968	7.8673	1.398	0	796.36298	216000	0	0	1302.11	0
1	11.6235	8.0989	5.266	0	796.36298	216000	0	0	1265.16	0
1	11.7038	8.1482	11.779	0	796.36298	216000	0	0	1240.06	0
1	11.7612	8.1563	14.938	0	796.36298	216000	0	0	1253.8	0
1	11.7592	8.1488	16.059	0	796.36298	216000	0	0	1250.34	0
1	11.761	8.1564	16.473	0	796.36298	216000	0	0	1257.36	0
1	11.7799	8.1525	14.906	0	796.36298	216000	0	0	1261.81	0
1	11.7633	8.1678	15.111	0.187	796.36298	216000	0	0	1275.4	0
1	11.7858	8.2076	14.424	3.152	796.36298	216000	0	0	1314.9	0
1	11.7629	8.2132	12.214	8.382	796.36298	216000	0	0	1318.89	13.2
1	11.7886	8.1917	11.377	14.387	796.36298	216000	0	0	1299.6	10.8
1	11.8434	8.1823	11.696	15.904	796.36298	216000	165.7516513	0.379007504	1296.43	8.4
1	11.8217	8.1583	12.217	17.426	796.36298	216000	171.2126773	0.326922945	1279.41	8.3
1	11.8227	8.1598	12.86	17.344	796.36298	216000	185.1251014	0.268278465	1288.17	7.9
1	11.7955	8.1873	12.842	16.318	796.36298	216000	173.270401	0.346256768	1308.07	8.2
1	11.7682	8.1748	12.829	16.888	796.36298	216000	172.034708	0.345108595	1291.92	8.2
1	11.7778	8.1697	13.702	17.555	796.36298	216000	176.256288	0.315998289	1285.38	8.1
1	11.7485	8.1648	14.502	16.051	796.36298	216000	161.3392778	0.462271953	1283.77	8.3
1	11.7629	8.1658	15.509	14.813	796.36298	216000	163.5431701	0.415561211	1280.6	8.2
1	11.7773	8.1748	15.281	14.387	796.36298	216000	0	0	1295.11	8.4
1	11.7768	8.1756	14.416	14.142	796.36298	216000	0	0	1296.45	8.5
1	11.7691	8.1574	13.919	13.88	796.36298	216000	0	0	1286.92	8.5
1	11.7648	8.1638	13.835	13.45	796.36298	216000	0	0	1296.36	8.7
1	11.7462	8.1608	13.191	13.679	796.36298	216000	0	0	1294.1	8.8
1	11.7499	8.161	12.892	14.29	796.36298	216000	0	0	1290.32	8.6
1	11.7532	8.1543	13.484	14.61	796.36298	216000	0	0	1285.05	8.7
1	11.7564	8.1329	13.982	14.778	796.36298	216000	0	0	1276.5	8.7
1	11.777	8.119	14.576	15.143	796.36298	216000	0	0	1272.66	8.5
1	11.7595	8.1097	14.778	15.506	796.36298	216000	0	0	1271.23	8.6
1	11.7517	8.1008	14.367	14.745	796.36298	216000	0	0	1266.04	8.5
1	11.7535	8.107	13.836	15.047	796.36298	216000	0	0	1272.09	8.6
1	11.7568	8.1196	13.568	15.464	796.36298	216000	0	0	1277.98	8.6
1	11.7499	8.1344	13.665	15.697	796.36298	216000	0	0	1285.97	8.7
1	11.759	8.1428	13.384	15.545	796.36298	216000	0	0	1289.56	8.7
1	11.7787	8.1325	13.65	16.239	796.36298	216000	0	0	1285.27	8.7
1	11.7777	8.1348	13.674	16.782	796.36298	216000	0	0	1291.43	8.7
1	11.771	8.1433	13.889	16.521	796.36298	216000	0	0	1293.7	8.8
1	11.7814	8.1523	14.391	16.706	796.36298	216000	0	0	1303.03	8.7
1	11.7798	8.1525	14.605	16.86	796.36298	216000	0	0	1300.94	8.7
1	11.7951	8.1398	14.302	16.546	796.36298	216000	0	0	1293.65	8.7
1	11.7807	8.1462	14.09	16.301	796.36298	216000	0	0	1301.3	8.8
1	11.7691	8.1442	14.471	16.81	796.36298	216000	0	0	1296.02	8.6
1	11.7819	8.1452	14.806	16.799	796.36298	216000	0	0	1296.27	8.6
1	11.7874	8.1516	14.742	16.299	796.36298	216000	0	0	1301.44	8.6
1	11.7696	8.1391	14.184	16.028	796.36298	216000	0	0	1293.31	8.7
1	11.7714	8.1501	14.16	16.25	796.36298	216000	0	0	1297.66	8.7
1	11.7843	8.1481	13.756	15.96	796.36298	216000	0	0	1296.84	8.7
1	11.7707	8.1554	14.368	16.416	796.36298	216000	0	0	1303.44	8.8
1	11.768	8.1556	14.278	16.406	796.36298	216000	0	0	1301.72	8.7
1	11.7664	8.1496	14.281	16.497	796.36298	216000	0	0	1295.71	8.8
1	11.7674	8.141	14.023	16.614	796.36298	216000	0	0	1289.22	8.7
1	11.7649	8.1325	13.797	16.078	796.36298	216000	0	0	1287.68	8.6
1	11.7592	8.135	14.11	15.418	796.36298	216000	0	0	1287.15	8.7
1	11.765	8.1234	13.961	15.242	796.36298	216000	0	0	1281.36	8.7
1	11.7736	8.1244	13.656	15.716	796.36298	216000	0	0	1286.66	8.8
1	11.7818	8.125	13.399	15.433	796.36298	216000	0	0	1286.89	8.7
1	11.7713	8.1418	14.006	15.222	796.36298	216000	0	0	1297.1	8.7
1	11.7632	8.1424	14.256	15.299	796.36298	216000	0	0	1293.38	8.7
1	11.7921	8.1487	14.37	15.528	796.36298	216000	0	0	1297.9	8.7
1	11.7795	8.1533	14.198	15.595	796.36298	216000	0	0	1304.12	8.7
1	11.7926	8.1477	14.4	15.711	796.36298	216000	0	0	1299.03	8.7
1	11.7862	8.149	14.74	15.609	796.36298	216000	0	0	1303.58	8.8
1	11.7978	8.1512	15.198	15.338	796.36298	216000	0	0	1302.68	8.6
1	11.7821	8.1561	15.062	15.229	796.36298	216000	0	0	1313.6	8.7
1	11.781	8.1658	14.834	15.447	796.36298	216000	0	0	1318.46	8.6
1	11.7791	8.1623	14.613	15.405	796.36298	216000	0	0	1316.56	8.7
1	11.7719	8.1621	14.981	15.431	796.36298	216000	0	0	1317.6	8.7
1	11.7809	8.1594	15.525	15.398	796.36298	216000	0	0	1317.7	8.7
1	11.7786	8.163	15.424	15.726	796.36298	216000	0	0	1320.01	8.7
1	11.7733	8.1612	14.893	15.712	796.36298	216000	0	0	1318.54	8.7
1	11.7705	8.161	13.794	15.121	796.36298	216000	0	0	1320.26	8.6
1	11.753	8.1701	13.579	14.715	796.36298	216000	0	0	1330.14	8.7
1	11.7635	8.1703	13.609	15.193	796.36298	216000	0	0	1327.09	8.7
1	11.7821	8.179	13.629	15.867	796.36298	216000	0	0	1341.65	8.8
1	11.7932	8.1956	13.131	15.869	796.36298	216000	0	0	1363.48	8.8
1	11.7899	8.2014	13.13	16.089	796.36298	216000	0	0	1367.67	8.8
1	11.7972	8.2044	13.378	16.273	796.36298	216000	0	0	1374.53	8.8
1	11.7822	8.2075	13.501	16.484	796.36298	216000	0	0	1379.08	8.8
1	11.787	8.2143	13.643	16.667	796.36298	216000	0	0	1387.31	8.7
1	11.7949	8.2226	14.173	16.428	796.36298	216000	0	0	1399.25	8.6
1	11.8	8.2102	14.443	16.248	796.36298	216000	0	0	1391.33	8.7
1	11.7967	8.2012	14.739	16.523	796.36298	216000	0	0	1383.27	8.6
1	11.7978	8.1943	15.881	16.614	796.36298	216000	0	0	1383.18	8.5
1	11.795	8.1994	15.83	16.592	796.36298	216000	0	0	1387.82	8.5
1	11.7717	8.1994	15.073	16.781	796.36298	216000	0	0	1389.21	8.7
1	11.771	8.1961	13.531	16.654	796.36298	216000	0	0	1385.12	8.7
1	11.7746	8.194	12.856	16.515	796.36298	216000	0	0	1385.38	8.6
1	11.7786	8.1839	12.066	16.533	796.36298	216000	0	0	1379.21	8.7
1	11.7586	8.1865	12.83	17.391	796.36298	216000	0	0	1380.25	8.7
1	11.73	8.173	14.259	17.102	796.36298	216000	0	0	1366.89	8.4
1	11.7253	8.1554	15.386	16.881	796.36298	216000	0	0	1348.48	8.6
1	11.6931	8.1392	15.435	16.92	796.36298	216000	0	0	1343.05	8.4
1	11.6955	8.1204	15.404	16.665	796.36298	216000	0	0	1329.04	8.4
1	11.6706	8.0969	15.079	15.883	796.36298	216000	166.3544447	0.441138102	1321.33	8.3
1	11.6864	8.084	14.289	15.085	796.36298	216000	165.9300362	0.400195579	1303.27	8.3
1	11.6714	8.0767	13.984	15.283	796.36298	216000	166.2800483	0.394659483	1301.31	8.3
1	11.6725	8.0889	13.198	15.268	796.36298	216000	167.4561907	0.394126728	1310.46	8.3
1	11.6881	8.0917	12.242	14.935	796.36298	216000	163.8029317	0.440253037	1315.63	8.4
1	11.678	8.1019	11.757	15.159	796.36298	216000	0	0	1325.38	8.5
1	11.6859	8.0823	12.511	16.31	796.36298	216000	0	0	1307.91	8.5
1	11.6921	8.0938	14.693	17.358	796.36298	216000	171.3331632	0.376038439	1320.88	8.3
1	11.709	8.1011	15.568	16.487	796.36298	216000	169.7908089	0.399598411	1329.25	8.3
1	11.7039	8.0966	15.42	16.433	796.36298	216000	163.7838588	0.494371249	1326.91	8.4
1	11.7023	8.0815	14.606	15.991	796.36298	216000	173.9899123	0.340166252	1312.93	8.2
1	11.6948	8.071	14.738	15.963	796.36298	216000	172.7063236	0.339064736	1301.45	8.2
1	11.7099	8.0766	14.985	15.386	796.36298	216000	172.7248564	0.343816682	1310.28	8.2
1	11.6795	8.0777	14.338	15.453	796.36298	216000	176.092209	0.324063545	1306.17	8.1
1	11.6938	8.0748	14.332	16.107	796.36298	216000	173.1034558	0.336210759	1300.74	8.2
1	11.7046	8.0743	13.574	15.887	796.36298	216000	173.91469	0.326079185	1299.66	8.2
1	11.6997	8.0766	12.589	16.316	796.36298	216000	170.9675288	0.34206707	1297.25	8.3
1	11.7008	8.0859	12.212	17.332	796.36298	216000	177.8691183	0.309756942	1304.55	8.2
1	11.6989	8.0833	11.75	16.796	796.36298	216000	173.1741338	0.33204284	1302.46	8.3
1	11.7089	8.0746	12.614	16.528	796.36298	216000	171.7784479	0.334333347	1296.14	8.3
1	11.6891	8.0633	15.045	17.534	796.36298	216000	176.4059708	0.306738702	1279.37	8.1
1	11.6866	8.048	16.233	17.884	796.36298	216000	177.0904178	0.292743308	1258.48	8
1	11.6768	8.0404	15.855	16.215	796.36298	216000	174.1165112	0.299533499	1252.12	8
1	11.6634	8.0342	15.706	15.649	796.36298	216000	174.692896	0.288207325	1237.48	7.9
1	11.6631	8.0235	15.165	15.693	796.36298	216000	173.7518048	0.282142743	1223.69	7.9
1	11.6718	8.0223	13.765	14.741	796.36298	216000	170.3269391	0.289745419	1220.3	8
1	11.6884	8.0349	13.364	14.255	796.36298	216000	171.5833936	0.289766288	1233.6	8
1	11.689	8.0532	12.474	15.051	796.36298	216000	174.6730641	0.284825432	1246.22	8
1	11.6927	8.0524	11.842	16.182	796.36298	216000	177.0109661	0.274514921	1246.13	8
1	11.6938	8.0588	12.728	16.558	796.36298	216000	176.8145121	0.279457786	1247.77	8
1	11.7041	8.0575	14.514	16.785	796.36298	216000	178.6173058	0.274424919	1247.03	7.9
1	11.6964	8.0592	15.952	16.896	796.36298	216000	174.3628041	0.298396769	1248.54	8
1	11.7024	8.0482	16.911	16.491	796.36298	216000	175.0867166	0.28801368	1237.41	7.9
1	11.6983	8.0443	16.584	15.801	796.36298	216000	176.3311782	0.276918814	1229.74	7.8
1	11.6938	8.0429	14.903	15.209	796.36298	216000	174.0500943	0.282499528	1230.14	7.9
1	11.6831	8.0485	13.688	15.38	796.36298	216000	180.6791097	0.255946741	1231.36	7.7
1	11.6835	8.0522	12.801	14.838	796.36298	216000	178.3349816	0.264946936	1235.16	7.8
1	11.6863	8.0485	12.09	15.313	796.36298	216000	180.8036125	0.249635864	1227.06	7.7
1	11.7144	8.0467	12.649	15.917	796.36298	216000	181.0103182	0.246549524	1225.01	7.7
1	11.7301	8.0541	13.115	16.216	796.36298	216000	179.858795	0.255342253	1232.31	7.8
1	11.7517	8.0542	12.903	16.548	796.36298	216000	178.3678089	0.259518925	1233.63	7.9
1	11.7485	8.0594	14.019	17.721	796.36298	216000	181.7682532	0.252804324	1236.89	7.8
1	11.7595	8.0623	14.576	17.068	796.36298	216000	181.1903586	0.256721493	1241.18	7.8
1	11.736	8.0752	15.226	16.726	796.36298	216000	181.5532066	0.266611441	1253.74	7.8
1	11.7331	8.0915	15.954	16.779	796.36298	216000	186.6536323	0.254353904	1260.17	7.6
1	11.7008	8.0952	15.871	16.469	796.36298	216000	182.5358779	0.270175639	1252.96	7.7
1	11.6836	8.0777	15.195	16.68	796.36298	216000	181.9449941	0.264857934	1241.27	7.7
1	11.6665	8.0592	15.274	17.086	796.36298	216000	180.167164	0.262601553	1222.98	7.7
1	11.6629	8.0477	14.368	16.543	796.36298	216000	178.4375512	0.258221594	1208.41	7.7
1	11.6561	8.0335	12.992	15.978	796.36298	216000	180.427049	0.237196921	1192.34	7.5
1	11.6877	8.0321	12.359	15.515	796.36298	216000	177.9720569	0.240134908	1189.77	7.6
1	11.6872	8.0328	11.346	15.535	796.36298	216000	180.8154388	0.22914169	1193.38	7.5
1	11.7121	8.0341	10.669	15.796	796.36298	216000	181.1050726	0.224012506	1191.46	7.5
1	11.7184	8.0345	11.998	16.356	796.36298	216000	181.3882419	0.226759005	1193.68	7.5
1	11.7135	8.0421	14.368	16.608	796.36298	216000	182.7581444	0.229624386	1196.48	7.4
1	11.7108	8.0381	16.058	16.433	796.36298	216000	179.4197293	0.243286374	1192.28	7.5
1	11.7138	8.0413	17.332	16.308	796.36298	216000	180.3462311	0.241618532	1190.85	7.4
1	11.688	8.0422	17.354	15.91	796.36298	216000	182.1208489	0.23813367	1193.04	7.3
1	11.6777	8.0481	16.271	15.317	796.36298	216000	180.5315306	0.244647095	1195.92	7.4
1	11.646	8.0549	14.585	15.082	796.36298	216000	181.5297951	0.242895996	1199.51	7.4
1	11.6513	8.0488	13.334	14.851	796.36298	216000	180.8479482	0.237446932	1192.27	7.4
1	11.6534	8.0469	13.559	15.381	796.36298	216000	179.1645858	0.243628625	1190.04	7.5
1	11.6614	8.0444	13.822	16.517	796.36298	216000	179.9079525	0.240106694	1187.49	7.5
1	11.7025	8.0497	13.4	16.636	796.36298	216000	182.9539936	0.227936365	1194.34	7.4
1	11.7307	8.0537	12.26	15.825	796.36298	216000	185.4446157	0.217829918	1202.19	7.3
1	11.7463	8.0678	11.518	16.304	796.36298	216000	182.5047523	0.233845331	1215.79	7.6
1	11.7598	8.0865	11.643	16.442	796.36298	216000	186.0399557	0.228274851	1227.93	7.5
1	11.7501	8.1077	12.652	16.415	796.36298	216000	182.4158389	0.251423418	1234.89	7.7
1	11.7413	8.1076	12.708	16.581	796.36298	216000	186.1351295	0.236608543	1231.72	7.5
1	11.7139	8.091	13.242	17.309	796.36298	216000	186.8501806	0.229743989	1217.9	7.4
1	11.6734	8.063	14.445	17.512	796.36298	216000	184.1580062	0.23374177	1199.59	7.4
1	11.6531	8.033	15.678	17.561	796.36298	216000	182.0716905	0.229461421	1173.67	7.3
1	11.6519	8.016	16.319	17.361	796.36298	216000	179.3634131	0.230595954	1157.55	7.3
1	11.6383	8.0077	15.725	17.064	796.36298	216000	178.4501155	0.229460506	1151.16	7.3
1	11.6398	8.0182	14.817	15.667	796.36298	216000	178.0482213	0.231122093	1156.27	7.3
1	11.6337	8.0178	13.829	15.151	796.36298	216000	181.3734813	0.216632492	1154.88	7.1
1	11.6657	8.0231	13.28	14.904	796.36298	216000	179.5659269	0.219684597	1155.78	7.2
1	11.6987	8.0342	13.265	15.571	796.36298	216000	179.5960539	0.222729225	1164.48	7.3
1	11.7167	8.0452	12.771	16.267	796.36298	216000	180.0022657	0.22517491	1173.8	7.4
1	11.7235	8.039	11.983	15.857	796.36298	216000	181.2955519	0.216002427	1170.8	7.3
1	11.7229	8.031	12.722	15.669	796.36298	216000	181.6693675	0.212367951	1164.67	7.2
1	11.6928	8.029	14.316	15.565	796.36298	216000	180.6686298	0.220126413	1162.63	7.2
1	11.6786	8.038	15.454	15.283	796.36298	216000	180.6089283	0.226999226	1167.7	7.2
1	11.6608	8.0335	16.153	14.978	796.36298	216000	179.2140494	0.231504627	1161.85	7.2
1	11.6629	8.0178	15.375	14.663	796.36298	216000	177.5845383	0.227617076	1150.19	7.2
1	11.637	8.0212	15.12	14.909	796.36298	216000	179.6548217	0.222069467	1148.75	7.1
1	11.6482	8.0239	14.987	14.75	796.36298	216000	180.9362443	0.215468018	1146.42	7
1	11.6579	8.0327	14.448	14.721	796.36298	216000	178.4045834	0.226359026	1152.82	7.2
1	11.6779	8.0262	13.963	14.902	796.36298	216000	177.9221927	0.221772858	1146.68	7.2
1	11.6753	8.0221	13.722	16.068	796.36298	216000	176.9333215	0.223742831	1142.25	7.3
1	11.6904	8.0254	13.493	17.107	796.36298	216000	180.2537782	0.213206428	1144.85	7.2
1	11.6792	8.0412	13.2	17.238	796.36298	216000	182.1703731	0.214289718	1156.24	7.2
1	11.7016	8.0552	13.227	16.844	796.36298	216000	180.5382302	0.221524001	1161.39	7.3
1	11.7131	8.0528	13.693	16.993	796.36298	216000	180.698247	0.22155161	1163.13	7.3
1	11.7098	8.0779	14.748	16.928	796.36298	216000	183.2607958	0.222403765	1172.74	7.2
1	11.6966	8.0915	15.447	16.692	796.36298	216000	184.6683854	0.221812519	1173.52	7.1
1	11.7047	8.0738	15.994	16.628	796.36298	216000	183.0306782	0.221423175	1164.46	7.1
1	11.6912	8.0639	16.154	16.928	796.36298	216000	182.4829838	0.22115165	1158.35	7.1
1	11.6974	8.0528	15.29	16.388	796.36298	216000	180.0517576	0.224025743	1155.28	7.2
1	11.707	8.0609	13.715	16.052	796.36298	216000	182.2237111	0.213476566	1155.86	7.1
1	11.7268	8.0609	11.944	15.975	796.36298	216000	183.2041534	0.20632169	1158.37	7.1
1	11.73	8.0635	10.948	15.986	796.36298	216000	184.038995	0.203033776	1161.04	7.1
1	11.7244	8.0762	11.702	16.785	796.36298	216000	181.4693828	0.216938911	1164.07	7.3
1	11.7108	8.0732	13.07	17.589	796.36298	216000	181.3284041	0.22039484	1161	7.3
1	11.7029	8.0705	14.571	18.012	796.36298	216000	184.7215999	0.212605535	1160.91	7.1
1	11.6995	8.079	15.394	17.373	796.36298	216000	183.686067	0.218344329	1161.17	7.1
1	11.6739	8.0802	16.612	16.504	796.36298	216000	181.9920682	0.227231689	1159.13	7.1
1	11.6775	8.0715	16.852	15.338	796.36298	216000	180.3055776	0.230062048	1156.88	7.1
1	11.6735	8.0784	15.687	14.787	796.36298	216000	180.2294977	0.228574529	1156.95	7.1
1	11.6667	8.0708	14.034	14.928	796.36298	216000	180.8458922	0.221768339	1154.73	7.1
1	11.6755	8.0667	13.043	15.04	796.36298	216000	181.0852512	0.216822362	1152.58	7.1
1	11.7011	8.0569	12.784	14.98	796.36298	216000	178.834343	0.21924119	1149.68	7.2
1	11.7296	8.0605	12.776	15.56	796.36298	216000	180.1756778	0.215827985	1155.39	7.2
1	11.7555	8.076	13.011	15.752	796.36298	216000	181.3202447	0.215924074	1163.65	7.2
1	11.755	8.0778	12.934	15.963	796.36298	216000	181.8402745	0.215312721	1165.44	7.2
1	11.7691	8.0834	13.462	15.783	796.36298	216000	183.5575086	0.211317525	1168.65	7.1
1	11.7711	8.0896	14.543	15.694	796.36298	216000	179.7318621	0.228118082	1171.09	7.3
1	11.7698	8.0973	14.66	15.665	796.36298	216000	181.9121163	0.223195301	1174.42	7.2
1	11.7581	8.1086	14.748	15.78	796.36298	216000	182.1688368	0.225502163	1175.47	7.2
1	11.752	8.1044	15.384	16.323	796.36298	216000	182.2274419	0.226372538	1173.68	7.2
1	11.7272	8.1113	15.784	16.448	796.36298	216000	180.5229018	0.237405774	1174.5	7.3
1	11.7275	8.1182	16.711	16.874	796.36298	216000	182.78319	0.233448132	1177.07	7.2
1	11.7513	8.133	16.907	16.739	796.36298	216000	183.6834718	0.234288033	1185.89	7.2
1	11.7698	8.1443	15.657	15.819	796.36298	216000	186.60337	0.225148904	1197	7.1
1	11.7584	8.1528	14.228	15.238	796.36298	216000	186.2241798	0.23022903	1207.6	7.2
1	11.7745	8.1549	13.292	15.063	796.36298	216000	184.4373206	0.23311142	1207.13	7.3
1	11.7763	8.1599	12.509	15.401	796.36298	216000	184.3935479	0.23672358	1215.51	7.4
1	11.7754	8.1611	11.92	16.019	796.36298	216000	189.3425994	0.219382118	1216.56	7.2
1	11.7818	8.1495	12.157	16.103	796.36298	216000	184.0727306	0.231455002	1206.13	7.4
1	11.7585	8.1304	13.066	16.535	796.36298	216000	182.0058887	0.233319808	1189.92	7.4
1	11.7424	8.1208	14.263	16.32	796.36298	216000	180.39348	0.238853658	1183.49	7.4
1	11.7195	8.127	14.934	16.001	796.36298	216000	181.8686532	0.238182976	1185.1	7.3
1	11.685	8.137	15.798	16.301	796.36298	216000	182.3405519	0.245642971	1188.75	7.3
1	11.6601	8.1317	16.916	16.164	796.36298	216000	178.9243569	0.261284552	1183.89	7.4
1	11.6754	8.1378	17.535	16.347	796.36298	216000	178.9656537	0.263202324	1186.38	7.4
1	11.6703	8.154	15.979	15.652	796.36298	216000	181.3393364	0.261813989	1204.57	7.4
1	11.6685	8.1562	13.252	15.174	796.36298	216000	182.7964092	0.251641101	1207.67	7.4
1	11.6835	8.1405	12.273	15.281	796.36298	216000	179.5956637	0.251288847	1193.95	7.5
1	11.7094	8.1179	12.27	14.747	796.36298	216000	177.6192162	0.246201539	1182.23	7.5
1	11.7103	8.1215	12.747	14.85	796.36298	216000	181.6884869	0.233211599	1185.35	7.3
1	11.7455	8.1145	13.055	15.103	796.36298	216000	181.4631621	0.229533029	1183.21	7.3
1	11.7786	8.0973	13.034	14.876	796.36298	216000	179.1988881	0.231716812	1182.15	7.4
1	11.7764	8.1088	12.879	15.003	796.36298	216000	177.0910285	0.246882259	1192.36	7.6
1	11.8013	8.1374	13.099	15.986	796.36298	216000	180.4141009	0.246360182	1211.05	7.6
1	11.8061	8.1625	13.709	16.816	796.36298	216000	185.7943957	0.241741036	1233.11	7.5
1	11.8074	8.1699	14.432	16.761	796.36298	216000	184.4201928	0.253165303	1240.32	7.6
1	11.7883	8.1669	15.593	16.773	796.36298	216000	174.4637891	0.297590197	1237.27	7.9
1	11.7677	8.1632	16.683	17.088	796.36298	216000	183.9781324	0.257637018	1228.84	7.5
1	11.7588	8.169	17.264	16.751	796.36298	216000	181.6668991	0.274135808	1237.98	7.6
1	11.7549	8.1692	16.625	16.192	796.36298	216000	183.5716641	0.263326713	1234.92	7.5
1	11.767	8.1776	15.99	15.723	796.36298	216000	179.1269046	0.284413949	1244.59	7.7
1	11.7452	8.1937	14.652	15.385	796.36298	216000	174.1418653	0.321521182	1262.33	7.9
1	11.7586	8.2146	13.359	15.496	796.36298	216000	181.4411428	0.295808365	1282.12	7.8
1	11.7703	8.2246	12.139	16.108	796.36298	216000	177.3232323	0.321249025	1292.75	8
1	11.7772	8.2238	11.506	16.482	796.36298	216000	179.1180267	0.309882814	1293.42	8
1	11.7917	8.2117	12.542	17.303	796.36298	216000	178.881795	0.303275183	1281.5	8
1	11.8042	8.1827	13.268	17.305	796.36298	216000	179.6486177	0.280546177	1255.63	7.9
1	11.7943	8.1691	13.277	16.037	796.36298	216000	182.0245507	0.262004233	1243.26	7.7
1	11.7964	8.1548	13.674	15.457	796.36298	216000	177.2208636	0.273806419	1232.85	7.8
1	11.7866	8.1439	13.509	15.783	796.36298	216000	174.6863269	0.282412673	1229.73	7.9
1	11.7881	8.1521	13.421	15.29	796.36298	216000	180.0371658	0.263029641	1234.54	7.7
1	11.7967	8.1654	13.489	15.263	796.36298	216000	180.5349271	0.264987351	1240.15	7.7
1	11.8056	8.1739	13.844	16.132	796.36298	216000	179.5299678	0.274796308	1247.2	7.8
1	11.8089	8.1698	15.021	16.299	796.36298	216000	178.2995744	0.279047324	1242.04	7.8
1	11.8232	8.1607	15.717	16.291	796.36298	216000	177.5421218	0.278307259	1237.44	7.8
1	11.8365	8.1529	15.379	16.391	796.36298	216000	180.584038	0.261858132	1235.56	7.7
1	11.8292	8.1525	15.046	16.617	796.36298	216000	179.0054164	0.270246723	1239.18	7.8
1	11.8471	8.1696	13.966	15.635	796.36298	216000	173.6097444	0.295219492	1248.43	8
1	11.8573	8.1873	13.207	15.35	796.36298	216000	175.858119	0.294833657	1267.16	8
1	11.8528	8.2202	8.5	14.92	796.36298	216000	176.233569	0.310335091	1305.83	8.2
1	11.8491	8.2442	7.301	15.356	796.36298	216000	183.6487378	0.290541677	1327.97	8.1
1	11.8345	8.2426	10.739	16.903	796.36298	216000	171.7971678	0.37319121	1322.86	8.3
1	11.8271	8.2456	13.227	17.475	796.36298	216000	174.0393899	0.368478784	1324.05	8.2
1	11.8226	8.2436	15.297	17.367	796.36298	216000	184.564256	0.308831482	1323.79	7.9
1	11.8365	8.2367	15.579	17.051	796.36298	216000	179.9696763	0.327000733	1319.73	8
1	11.8194	8.2409	13.34	15.926	796.36298	216000	176.5968678	0.351008846	1329.77	8.1
1	11.828	8.2539	10.49	15.08	796.36298	216000	175.404719	0.365865432	1347.12	8.2
1	11.9177	8.287	6.876	15.796	796.36298	216000	188.2473071	0.300691211	1387.88	8.2
1	11.9291	8.3172	2.432	16.673	796.36298	216000	0	0	1426.75	8.8
1	11.9767	8.3368	0.481	16.422	796.36298	216000	0	0	1452.43	8.7
1	11.9868	8.3268	0.44	16.458	796.36298	216000	0	0	1450.74	8.8
1	12.0036	8.2813	4.615	16.865	796.36298	216000	197.4165951	0.261122207	1411.4	8.2
1	12.0033	8.2595	11.918	15.839	796.36298	216000	193.3474787	0.274347349	1386.55	8
1	12.0235	8.2232	10.109	13.236	796.36298	216000	182.4367251	0.288560534	1356.49	8.2
1	12.0007	8.2297	2.489	8.747	796.36298	216000	177.697667	0.301224413	1376.81	8.4
1	11.9551	8.2136	0.433	6.108	796.36298	216000	175.8973232	0.290771427	1352.76	8.3
1	11.9203	8.2348	0.082	7.167	796.36298	216000	174.2979715	0.322891716	1374.76	8.4
1	11.9056	8.2591	0.014	8.943	796.36298	216000	0	0	1389.79	8.6
1	11.8889	8.261	0.003	11.261	796.36298	216000	185.8125864	0.293222183	1395.56	8.3
1	11.8937	8.2078	0	15.672	796.36298	216000	185.8063358	0.263224239	1342.14	8.4
1	11.8984	8.1783	0	17.62	796.36298	216000	189.1577759	0.247149521	1339.29	8.4
1	11.8809	8.2069	0	14.53	796.36298	216000	178.1867798	0.306287542	1361.9	8.6
1	11.8945	7.7511	0	4.6	796.36298	216000	170.6453383	0.183437444	1187.45	7.6
